sums of daily draw-off volumes
179.3
196.8
231.1
174.4
170.8
193.4
255.3
186.6
297.9
269.6
135.4
168.8
314.5
297
245.2
263.8
224.6
158.6
224.2
314.7
296.6
199.2
217
145.2
198.1
177.9
234.1
320.8
230.3
210.7
174.4
229.6
230.5
251
258.2
204.7
214.8
279
190.5
245.8
291.4
168.1
173.6
247.8
218.3
287.7
210.4
281.9
203.6
213.1
206.3
220.4
198.6
185.4
261.3
182.3
184.8
174.1
248.4
162.3
233.6
270.2
250.1
237.4
219.5
142.2
247.5
254.9
190.6
226.4
193.9
159.7
167.6
258.5
193.4
293.6
349
212.1
233.7
202.4
218
240.5
274.1
240.2
184.8
229.9
189.5
230.5
192.6
198
206.3
198.3
156.9
179.3
218.1
156.5
185.4
261
164.8
180.9
233.1
154.7
176
174.6
220.6
252.6
167.1
239.6
208.4
130.8
275.5
181.1
168.9
168.6
174.7
192.8
134.5
210.4
280.9
142
274.9
221.9
158.5
210.3
211.1
254.1
144
216.3
202.1
214.5
194.9
185.4
182.6
207.2
212
142.3
206
271.4
243.6
273.5
171.9
163.2
192.2
206.8
149.7
155.3
220.7
141.1
181.1
138
184.4
133
211
174.4
235.2
216.9
201.7
225.1
178.9
165.1
247.2
244.9
181.6
165.6
194.9
144.9
172.1
174.2
192.5
156.6
191.8
167.1
172.6
198
228.6
172.2
152.5
131.4
166.6
116.1
233.3
221.2
155.4
124
145.7
209.3
202.1
184.7
158.6
212.5
227
190.3
143.7
138
237.9
215.8
210.5
138.5
190.7
185.3
220.3
158.7
203.7
134.1
186.1
199.6
186.5
192.4
237.9
211.6
131.4
172.6
120.5
142.1
208.1
137.1
294
145.4
153.7
258.3
160.8
137.5
229.3
171.1
176.3
139.4
210.3
191.8
141.5
200.3
215.8
192.9
150.9
186.1
168.9
161.2
252.8
156.1
119.8
225.8
185.2
147.3
186.8
206.4
177.5
114.3
137.8
201.5
170.2
192.7
153.7
224.1
170.6
178.1
172
164.3
122.5
128.1
227.4
229
169.8
142.5
226.5
163.4
287.8
331.9
135.6
160.6
168
294.2
171.6
261.2
185.2
156.8
212.9
171.9
203.9
157.6
218
154.6
118.2
183.1
212.2
159.3
180
319.5
297.6
179.1
181.8
157.2
178.4
202.1
223.8
168.2
178.1
160.2
287.2
130.7
115.9
259
208.7
181.9
172.5
135.3
130.4
241.3
212.9
224.4
169.3
207.5
136.6
227.3
127.4
179.8
227.8
223.5
143.9
131.3
217.8
197.5
196.3
148.6
208.6
193.7
166.9
163.6
298.7
217.9
271.2
314.7
237.2
210.3
170.7
224.7
248.6
240.3
180.4
187.2
173.8
201.2
208.4
303.3
246.1
157.4
210.6
224
176.1
200.6
224.5
319.4
161
255.4
215.2
139.7
183.6
202.5
252.8
202.8
203.7
171
242.7
234.9
228.7
249.6
169.3
sums of draw-off volumes of each hour of the day
169.1
213
215.4
178.2
214.9
297
225.5
29708.2
6784.8
1144.6
919.8
1098.4
8264.7
879.8
1011.4
3227.8
3337
769
2959.8
2693.1
3559
3841.7
1065.1
222.7
sums of draw-off volumes of each hour of weekdays
44.6
106
85.1
101.3
107.9
166.9
122.5
24217.9
1129.2
690.2
610.3
765.9
7973
530.7
650.3
501
538.3
458
2732.8
2418.1
2389.2
2757.7
135
111.7
sums of draw-off volumes of each hour of weekend-days
124.5
107
130.3
76.9
107
130.1
103
5490.3
5655.6
454.4
309.5
332.5
291.7
349.1
361.1
2726.8
2798.7
311
227
275
1169.8
1084
930.1
111
holidays of household(s), numbers correspond to day of year
